HIEROBJ  EWORLD                                             NONE                
ROOT                                                                            
1.0000000000000E+00 0.000000000000E+00  0.000000000000E+00  0.000000000000E+00  
0.000000000000E+00  1.0000000000000E+00 0.000000000000E+00  0.000000000000E+00  
0.000000000000E+00  0.000000000000E+00  1.0000000000000E+00 0.000000000000E+00  
0.000000000000E+00  0.000000000000E+00  0.000000000000E+00  1.0000000000000E+00 
HIEROBJ  EHIEROBJECT1                                       NONE                
BODYNCBF  WORLD                                   BODY1                         
1.0000000000000E+00 0.000000000000E+00  0.000000000000E+00  0.000000000000E+00  
0.000000000000E+00  1.0000000000000E+00 0.000000000000E+00  0.000000000000E+00  
0.000000000000E+00  0.000000000000E+00  1.0000000000000E+00 0.000000000000E+00  
0.000000000000E+00  0.000000000000E+00  0.000000000000E+00  1.0000000000000E+00 
HIEROBJ  EHIEROBJECT2                                       NONE                
CGTRIAD   HIEROBJECT1                                                           
0.000000000000E+00  1.0000000000000E+00 0.000000000000E+00  0.000000000000E+00  
0.000000000000E+00  0.000000000000E+00  1.0000000000000E+00 0.000000000000E+00  
1.0000000000000E+00 0.000000000000E+00  0.000000000000E+00  0.000000000000E+00  
8.9229844500000E+00 1.1933671100000E+01 0.000000000000E+00  1.0000000000000E+00 
HIEROBJ  EHIEROBJECT3                                       NONE                
BODYNCBF  WORLD                                   BODY2                         
1.0000000000000E+00 0.000000000000E+00  0.000000000000E+00  0.000000000000E+00  
0.000000000000E+00  1.0000000000000E+00 0.000000000000E+00  0.000000000000E+00  
0.000000000000E+00  0.000000000000E+00  1.0000000000000E+00 0.000000000000E+00  
0.000000000000E+00  0.000000000000E+00  0.000000000000E+00  1.0000000000000E+00 
HIEROBJ  EHIEROBJECT4                                       NONE                
CGTRIAD   HIEROBJECT3                                                           
1.0905620791182E-02 9.9976183415645E-01 -1.890350230204E-02 0.000000000000E+00  
8.6594745657383E-01 1.0610764284908E-05 5.0013498412001E-01 0.000000000000E+00  
5.0001606963023E-01 -2.182372222001E-02 -8.657411017504E-01 0.000000000000E+00  
-3.577015550000E+00 1.0433671100000E+01 -4.330127020000E+00 1.0000000000000E+00 
HIEROBJ  EHIEROBJECT5                                       NONE                
BODYNCBF  WORLD                                   BODY3                         
1.0000000000000E+00 0.000000000000E+00  0.000000000000E+00  0.000000000000E+00  
0.000000000000E+00  1.0000000000000E+00 0.000000000000E+00  0.000000000000E+00  
0.000000000000E+00  0.000000000000E+00  1.0000000000000E+00 0.000000000000E+00  
0.000000000000E+00  0.000000000000E+00  0.000000000000E+00  1.0000000000000E+00 
HIEROBJ  EHIEROBJECT6                                       NONE                
CGTRIAD   HIEROBJECT5                                                           
0.000000000000E+00  1.0000000000000E+00 0.000000000000E+00  0.000000000000E+00  
2.6664131710910E-01 0.000000000000E+00  9.6379583315676E-01 0.000000000000E+00  
9.6379583315675E-01 0.000000000000E+00  -2.666413171091E-01 0.000000000000E+00  
1.5789411530000E+01 8.9336711000000E+00 -1.332647709000E+01 1.0000000000000E+00 
HIEROBJ  EHIEROBJECT7                                       NONE                
BODYNCBF  WORLD                                   BODY4                         
1.0000000000000E+00 0.000000000000E+00  0.000000000000E+00  0.000000000000E+00  
0.000000000000E+00  1.0000000000000E+00 0.000000000000E+00  0.000000000000E+00  
0.000000000000E+00  0.000000000000E+00  1.0000000000000E+00 0.000000000000E+00  
0.000000000000E+00  0.000000000000E+00  0.000000000000E+00  1.0000000000000E+00 
HIEROBJ  EHIEROBJECT8                                       NONE                
CGTRIAD   HIEROBJECT7                                                           
3.8149795500927E-03 9.9996183104262E-01 -7.860177410188E-03 0.000000000000E+00  
8.9963500683774E-01 -3.686362348876E-12 4.3664270802574E-01 0.000000000000E+00  
4.3662604182880E-01 -8.737073759976E-03 -8.996006687075E-01 0.000000000000E+00  
2.8289411530000E+01 1.0433671100000E+01 -8.996350070000E+00 1.0000000000000E+00 
HIEROBJ  EHIEROBJECT9                                       NONE                
BODYNCBF  WORLD                                   BODY5                         
1.0000000000000E+00 0.000000000000E+00  0.000000000000E+00  0.000000000000E+00  
0.000000000000E+00  1.0000000000000E+00 0.000000000000E+00  0.000000000000E+00  
0.000000000000E+00  0.000000000000E+00  1.0000000000000E+00 0.000000000000E+00  
0.000000000000E+00  0.000000000000E+00  0.000000000000E+00  1.0000000000000E+00 
HIEROBJ  EHIEROBJECT10                                      NONE                
CGTRIAD   HIEROBJECT9                                                           
1.0000000000000E+00 0.000000000000E+00  0.000000000000E+00  0.000000000000E+00  
0.000000000000E+00  1.0000000000000E+00 0.000000000000E+00  0.000000000000E+00  
0.000000000000E+00  0.000000000000E+00  1.0000000000000E+00 0.000000000000E+00  
0.000000000000E+00  0.000000000000E+00  0.000000000000E+00  1.0000000000000E+00 
HIEROBJ  EHIEROBJECT11                                      NONE                
JFCTRIAD  HIEROBJECT1                                                           
4.4408920985006E-16 4.4408920985006E-16 -1.000000000000E+00 0.000000000000E+00  
-1.000000000000E+00 0.000000000000E+00  -4.440892098501E-16 0.000000000000E+00  
0.000000000000E+00  1.0000000000000E+00 4.4408920985006E-16 0.000000000000E+00  
-6.077015554525E+00 1.1183671101175E+01 0.000000000000E+00  1.0000000000000E+00 
HIEROBJ  EHIEROBJECT12                                      NONE                
JFCTRIAD  HIEROBJECT1                                                           
4.4408920985006E-16 4.4408920985006E-16 -1.000000000000E+00 0.000000000000E+00  
-1.000000000000E+00 0.000000000000E+00  -4.440892098501E-16 0.000000000000E+00  
0.000000000000E+00  1.0000000000000E+00 4.4408920985006E-16 0.000000000000E+00  
2.3922984445475E+01 1.1183671101175E+01 0.000000000000E+00  1.0000000000000E+00 
HIEROBJ  EHIEROBJECT13                                      NONE                
JFCTRIAD  HIEROBJECT1                                                           
4.4408920985006E-16 4.4408920985006E-16 -1.000000000000E+00 0.000000000000E+00  
-1.000000000000E+00 0.000000000000E+00  -4.440892098501E-16 0.000000000000E+00  
0.000000000000E+00  1.0000000000000E+00 4.4408920985006E-16 0.000000000000E+00  
8.9229844454747E+00 1.2683671101175E+01 0.000000000000E+00  1.0000000000000E+00 
HIEROBJ  EHIEROBJECT14                                      NONE                
JFCTRIAD  HIEROBJECT1                                                           
0.000000000000E+00  1.0000000000000E+00 0.000000000000E+00  0.000000000000E+00  
-4.440892098501E-16 0.000000000000E+00  1.0000000000000E+00 0.000000000000E+00  
1.0000000000000E+00 0.000000000000E+00  4.4408920985006E-16 0.000000000000E+00  
0.000000000000E+00  0.000000000000E+00  0.000000000000E+00  1.0000000000000E+00 
HIEROBJ  EHIEROBJECT15                                      NONE                
JFCTRIAD  HIEROBJECT1                                                           
0.000000000000E+00  1.0000000000000E+00 0.000000000000E+00  0.000000000000E+00  
-4.440892098501E-16 0.000000000000E+00  1.0000000000000E+00 0.000000000000E+00  
1.0000000000000E+00 0.000000000000E+00  4.4408920985006E-16 0.000000000000E+00  
8.9229844500000E+00 1.1933671100000E+01 0.000000000000E+00  1.0000000000000E+00 
HIEROBJ  EHIEROBJECT16                                      NONE                
JFCTRIAD  HIEROBJECT3                                                           
4.4408920985006E-16 4.4408920985006E-16 -1.000000000000E+00 0.000000000000E+00  
-1.000000000000E+00 0.000000000000E+00  -4.440892098501E-16 0.000000000000E+00  
0.000000000000E+00  1.0000000000000E+00 4.4408920985006E-16 0.000000000000E+00  
-6.077015554525E+00 1.1183671101175E+01 0.000000000000E+00  1.0000000000000E+00 
HIEROBJ  EHIEROBJECT17                                      NONE                
JFCTRIAD  HIEROBJECT3                                                           
4.4408920985006E-16 4.4408920985006E-16 -1.000000000000E+00 0.000000000000E+00  
-1.000000000000E+00 0.000000000000E+00  -4.440892098501E-16 0.000000000000E+00  
0.000000000000E+00  1.0000000000000E+00 4.4408920985006E-16 0.000000000000E+00  
-1.077015554525E+00 9.6836711011755E+00 -8.660254037844E+00 1.0000000000000E+00 
HIEROBJ  EHIEROBJECT18                                      NONE                
JFCTRIAD  HIEROBJECT3                                                           
1.0905620791182E-02 9.9976183415645E-01 -1.890350230204E-02 0.000000000000E+00  
8.6594745657384E-01 1.0610764284789E-05 5.0013498412001E-01 0.000000000000E+00  
5.0001606963023E-01 -2.182372222001E-02 -8.657411017504E-01 0.000000000000E+00  
0.000000000000E+00  0.000000000000E+00  0.000000000000E+00  1.0000000000000E+00 
HIEROBJ  EHIEROBJECT19                                      NONE                
JFCTRIAD  HIEROBJECT3                                                           
1.0905620791182E-02 9.9976183415645E-01 -1.890350230204E-02 0.000000000000E+00  
8.6594745657384E-01 1.0610764284789E-05 5.0013498412001E-01 0.000000000000E+00  
5.0001606963023E-01 -2.182372222001E-02 -8.657411017504E-01 0.000000000000E+00  
-3.577015550000E+00 1.0433671100000E+01 -4.330127020000E+00 1.0000000000000E+00 
HIEROBJ  EHIEROBJECT20                                      NONE                
JFCTRIAD  HIEROBJECT5                                                           
4.4408920985006E-16 4.4408920985006E-16 -1.000000000000E+00 0.000000000000E+00  
-1.000000000000E+00 0.000000000000E+00  -4.440892098501E-16 0.000000000000E+00  
0.000000000000E+00  1.0000000000000E+00 4.4408920985006E-16 0.000000000000E+00  
-1.077015554525E+00 9.6836711011755E+00 -8.660254037844E+00 1.0000000000000E+00 
HIEROBJ  EHIEROBJECT21                                      NONE                
JFCTRIAD  HIEROBJECT5                                                           
4.4408920985006E-16 4.4408920985006E-16 -1.000000000000E+00 0.000000000000E+00  
-1.000000000000E+00 0.000000000000E+00  -4.440892098501E-16 0.000000000000E+00  
0.000000000000E+00  1.0000000000000E+00 4.4408920985006E-16 0.000000000000E+00  
3.2655838605927E+01 9.6836711011755E+00 -1.799270013679E+01 1.0000000000000E+00 
HIEROBJ  EHIEROBJECT22                                      NONE                
JFCTRIAD  HIEROBJECT5                                                           
-1.177071844626E-16 1.0000000000000E+00 1.9909802558606E-16 0.000000000000E+00  
2.6664131710910E-01 -1.605042487513E-16 9.6379583315676E-01 0.000000000000E+00  
9.6379583315676E-01 1.6653345369377E-16 -2.666413171091E-01 0.000000000000E+00  
0.000000000000E+00  0.000000000000E+00  0.000000000000E+00  1.0000000000000E+00 
HIEROBJ  EHIEROBJECT23                                      NONE                
JFCTRIAD  HIEROBJECT5                                                           
-1.177071844626E-16 1.0000000000000E+00 1.9909802558606E-16 0.000000000000E+00  
2.6664131710910E-01 -1.605042487513E-16 9.6379583315676E-01 0.000000000000E+00  
9.6379583315676E-01 1.6653345369377E-16 -2.666413171091E-01 0.000000000000E+00  
1.5789411530000E+01 8.9336711000000E+00 -1.332647709000E+01 1.0000000000000E+00 
HIEROBJ  EHIEROBJECT24                                      NONE                
JFCTRIAD  HIEROBJECT7                                                           
4.4408920985006E-16 4.4408920985006E-16 -1.000000000000E+00 0.000000000000E+00  
-1.000000000000E+00 0.000000000000E+00  -4.440892098501E-16 0.000000000000E+00  
0.000000000000E+00  1.0000000000000E+00 4.4408920985006E-16 0.000000000000E+00  
3.2655838605927E+01 9.6836711011755E+00 -1.799270013679E+01 1.0000000000000E+00 
HIEROBJ  EHIEROBJECT25                                      NONE                
JFCTRIAD  HIEROBJECT7                                                           
4.4408920985006E-16 4.4408920985006E-16 -1.000000000000E+00 0.000000000000E+00  
-1.000000000000E+00 0.000000000000E+00  -4.440892098501E-16 0.000000000000E+00  
0.000000000000E+00  1.0000000000000E+00 4.4408920985006E-16 0.000000000000E+00  
2.3922984445475E+01 1.1183671101175E+01 0.000000000000E+00  1.0000000000000E+00 
HIEROBJ  EHIEROBJECT26                                      NONE                
JFCTRIAD  HIEROBJECT7                                                           
3.8149795500930E-03 9.9996183104262E-01 -7.860177410188E-03 0.000000000000E+00  
8.9963500683774E-01 -3.686770073258E-12 4.3664270802574E-01 0.000000000000E+00  
4.3662604182880E-01 -8.737073759976E-03 -8.996006687075E-01 0.000000000000E+00  
0.000000000000E+00  0.000000000000E+00  0.000000000000E+00  1.0000000000000E+00 
HIEROBJ  EHIEROBJECT27                                      NONE                
JFCTRIAD  HIEROBJECT7                                                           
3.8149795500930E-03 9.9996183104262E-01 -7.860177410188E-03 0.000000000000E+00  
8.9963500683774E-01 -3.686773542705E-12 4.3664270802574E-01 0.000000000000E+00  
4.3662604182880E-01 -8.737073759976E-03 -8.996006687075E-01 0.000000000000E+00  
2.8289411530000E+01 1.0433671100000E+01 -8.996350070000E+00 1.0000000000000E+00 
HIEROBJ  EHIEROBJECT28                                      NONE                
JFCTRIAD  HIEROBJECT9                                                           
4.4408920985006E-16 4.4408920985006E-16 -1.000000000000E+00 0.000000000000E+00  
-1.000000000000E+00 0.000000000000E+00  -4.440892098501E-16 0.000000000000E+00  
0.000000000000E+00  1.0000000000000E+00 4.4408920985006E-16 0.000000000000E+00  
8.9229844454747E+00 1.2683671101175E+01 0.000000000000E+00  1.0000000000000E+00 
HIEROBJ  EHIEROBJECT29                                      NONE                
JFCTRIAD  HIEROBJECT9                                                           
1.0000000000000E+00 0.000000000000E+00  0.000000000000E+00  0.000000000000E+00  
0.000000000000E+00  1.0000000000000E+00 0.000000000000E+00  0.000000000000E+00  
0.000000000000E+00  0.000000000000E+00  1.0000000000000E+00 0.000000000000E+00  
0.000000000000E+00  0.000000000000E+00  0.000000000000E+00  1.0000000000000E+00 
NAMEMAP   WORLD               5    5    UTF8 UTF8 ELEMENT                       
WORLD                                                                           
WORLD                                                                           
NAMEMAP   HIEROBJECT1         14   14   UTF8 UTF8 ELEMENT                       
L001/L001_NCBF                                                                  
L001/L001_NCBF                                                                  
NAMEMAP   HIEROBJECT2         12   12   UTF8 UTF8 ELEMENT                       
L001/L001_cm                                                                    
L001/L001_cm                                                                    
NAMEMAP   HIEROBJECT3         14   14   UTF8 UTF8 ELEMENT                       
L002/L002_NCBF                                                                  
L002/L002_NCBF                                                                  
NAMEMAP   HIEROBJECT4         12   12   UTF8 UTF8 ELEMENT                       
L002/L002_cm                                                                    
L002/L002_cm                                                                    
NAMEMAP   HIEROBJECT5         14   14   UTF8 UTF8 ELEMENT                       
L003/L003_NCBF                                                                  
L003/L003_NCBF                                                                  
NAMEMAP   HIEROBJECT6         12   12   UTF8 UTF8 ELEMENT                       
L003/L003_cm                                                                    
L003/L003_cm                                                                    
NAMEMAP   HIEROBJECT7         14   14   UTF8 UTF8 ELEMENT                       
L004/L004_NCBF                                                                  
L004/L004_NCBF                                                                  
NAMEMAP   HIEROBJECT8         12   12   UTF8 UTF8 ELEMENT                       
L004/L004_cm                                                                    
L004/L004_cm                                                                    
NAMEMAP   HIEROBJECT9         26   26   UTF8 UTF8 ELEMENT                       
the_ground/the_ground_NCBF                                                      
the_ground/the_ground_NCBF                                                      
NAMEMAP   HIEROBJECT10        13   13   UTF8 UTF8 ELEMENT                       
the_ground_cm                                                                   
the_ground_cm                                                                   
NAMEMAP   HIEROBJECT11        4    11   UTF8 UTF8 ELEMENT                       
3/66                                                                            
L001/J001_i                                                                     
NAMEMAP   HIEROBJECT12        5    11   UTF8 UTF8 ELEMENT                       
3/136                                                                           
L001/J004_j                                                                     
NAMEMAP   HIEROBJECT13        5    11   UTF8 UTF8 ELEMENT                       
3/158                                                                           
L001/J005_i                                                                     
NAMEMAP   HIEROBJECT14        13   13   UTF8 UTF8 ELEMENT                       
L001/L001_coi                                                                   
L001/L001_coi                                                                   
NAMEMAP   HIEROBJECT15        13   13   UTF8 UTF8 ELEMENT                       
L001/L001_com                                                                   
L001/L001_com                                                                   
NAMEMAP   HIEROBJECT16        5    11   UTF8 UTF8 ELEMENT                       
21/67                                                                           
L002/J001_j                                                                     
NAMEMAP   HIEROBJECT17        5    11   UTF8 UTF8 ELEMENT                       
21/89                                                                           
L002/J002_i                                                                     
NAMEMAP   HIEROBJECT18        13   13   UTF8 UTF8 ELEMENT                       
L002/L002_coi                                                                   
L002/L002_coi                                                                   
NAMEMAP   HIEROBJECT19        13   13   UTF8 UTF8 ELEMENT                       
L002/L002_com                                                                   
L002/L002_com                                                                   
NAMEMAP   HIEROBJECT20        5    11   UTF8 UTF8 ELEMENT                       
33/90                                                                           
L003/J002_j                                                                     
NAMEMAP   HIEROBJECT21        6    11   UTF8 UTF8 ELEMENT                       
33/112                                                                          
L003/J003_i                                                                     
NAMEMAP   HIEROBJECT22        13   13   UTF8 UTF8 ELEMENT                       
L003/L003_coi                                                                   
L003/L003_coi                                                                   
NAMEMAP   HIEROBJECT23        13   13   UTF8 UTF8 ELEMENT                       
L003/L003_com                                                                   
L003/L003_com                                                                   
NAMEMAP   HIEROBJECT24        6    11   UTF8 UTF8 ELEMENT                       
45/113                                                                          
L004/J003_j                                                                     
NAMEMAP   HIEROBJECT25        6    11   UTF8 UTF8 ELEMENT                       
45/135                                                                          
L004/J004_i                                                                     
NAMEMAP   HIEROBJECT26        13   13   UTF8 UTF8 ELEMENT                       
L004/L004_coi                                                                   
L004/L004_coi                                                                   
NAMEMAP   HIEROBJECT27        13   13   UTF8 UTF8 ELEMENT                       
L004/L004_com                                                                   
L004/L004_com                                                                   
NAMEMAP   HIEROBJECT28        5    17   UTF8 UTF8 ELEMENT                       
2/159                                                                           
the_ground/J005_j                                                               
NAMEMAP   HIEROBJECT29        1    14   UTF8 UTF8 ELEMENT                       
1                                                                               
the_ground/gnd                                                                  
NAMEMAP   CURRENT_DIRECTORY   33   0    UTF8 UTF8 FILE                          
H:\Desktop\task\4barTask\4barTask                                               
SYSTEM   GMILLIMETER          DYNAMIC             SPARSE    FULL_NCBF      TRUE 
9.8066500000000E+03 -0.000000000000E+00 -0.000000000000E+00 1.0000000000000E+00 
1.0000000000000E+00 0.000000000000E+00  6.3000000000000E-02 6.3000000000000E-04 
1.0000000000000E-09 1.0000000000000E-03 NULL_FALSEBINARY_ONLFALSEKILOGNEWTO    1
NONE                NONE                    1NONE                TRUE ITERAFALSE
NONE                NONE                                                        
NONE                                                                            
HEADER                                                                          
SET_IASIZE =    5000000;                                                        
SET_DASIZE =    5000000;                                                        
SDK_BUILD_INFO = R12.0.2P9_rc2 2018-06-20                                       
END                                                                             
DYNAMIC  ETRUE      INTERPOLATED        GLOBAL    BDF           1     BANDED    
1.0000000000000E-02 1.0000000000000E-03 1.0000000000000E-03 1.0000000000000E-03 
NONE                QR       1TRUE                                              
PRELOAD  F          0.000000000000E+00      0                                   
NONE                                                                            
NONE                                                                            
NCBF     EBODY1_REF           BODY1               PARAMETERSPOSITIVE            
HIEROBJECT1                                                                     
0.000000000000E+00  0.000000000000E+00  0.000000000000E+00                      
BODY     EBODY1               POSITIVE  PARAMETERSFALSEFALSEFALSEFALSE          
NONE                NONE                NONE                                    
NONE                NONE                NONE                                    
HIEROBJECT2                                                                     
0.000000000000E+00  0.000000000000E+00  0.000000000000E+00                      
1.9510117400000E-03 1.8641000000000E-01 1.8276000000000E-01 4.3900000000000E-03 
0.000000000000E+00  0.000000000000E+00  0.000000000000E+00                      
0.000000000000E+00  0.000000000000E+00  0.000000000000E+00  FALSE               
0.000000000000E+00  0.000000000000E+00  0.000000000000E+00                      
NCBF     EBODY2_REF           BODY2               PARAMETERSPOSITIVE            
HIEROBJECT3                                                                     
0.000000000000E+00  0.000000000000E+00  0.000000000000E+00                      
BODY     EBODY2               POSITIVE  PARAMETERSFALSEFALSEFALSEFALSE          
NONE                NONE                NONE                                    
NONE                NONE                NONE                                    
HIEROBJECT4                                                                     
0.000000000000E+00  0.000000000000E+00  0.000000000000E+00                      
2.0000000000000E-01 1.0000000000000E-05 1.0000000000000E-05 1.0000000000000E-05 
0.000000000000E+00  0.000000000000E+00  0.000000000000E+00                      
0.000000000000E+00  0.000000000000E+00  0.000000000000E+00  FALSE               
0.000000000000E+00  0.000000000000E+00  0.000000000000E+00                      
NCBF     EBODY3_REF           BODY3               PARAMETERSPOSITIVE            
HIEROBJECT5                                                                     
0.000000000000E+00  0.000000000000E+00  0.000000000000E+00                      
BODY     EBODY3               POSITIVE  PARAMETERSFALSEFALSEFALSEFALSE          
NONE                NONE                NONE                                    
NONE                NONE                NONE                                    
HIEROBJECT6                                                                     
0.000000000000E+00  0.000000000000E+00  0.000000000000E+00                      
6.0000000000000E-01 4.0000000000000E-04 4.0000000000000E-04 4.0000000000000E-04 
0.000000000000E+00  0.000000000000E+00  0.000000000000E+00                      
0.000000000000E+00  0.000000000000E+00  0.000000000000E+00  FALSE               
0.000000000000E+00  0.000000000000E+00  0.000000000000E+00                      
NCBF     EBODY4_REF           BODY4               PARAMETERSPOSITIVE            
HIEROBJECT7                                                                     
0.000000000000E+00  0.000000000000E+00  0.000000000000E+00                      
BODY     EBODY4               POSITIVE  PARAMETERSFALSEFALSEFALSEFALSE          
NONE                NONE                NONE                                    
NONE                NONE                NONE                                    
HIEROBJECT8                                                                     
0.000000000000E+00  0.000000000000E+00  0.000000000000E+00                      
4.0000000000000E-01 8.0000000000000E-05 8.0000000000000E-05 8.0000000000000E-05 
0.000000000000E+00  0.000000000000E+00  0.000000000000E+00                      
0.000000000000E+00  0.000000000000E+00  0.000000000000E+00  FALSE               
0.000000000000E+00  0.000000000000E+00  0.000000000000E+00                      
NCBF     EBODY5_REF           BODY5               PARAMETERSPOSITIVE            
HIEROBJECT9                                                                     
0.000000000000E+00  0.000000000000E+00  0.000000000000E+00                      
BODY     EBODY5               POSITIVE  PARAMETERSTRUE FALSEFALSEFALSE          
NONE                NONE                NONE                                    
NONE                NONE                NONE                                    
HIEROBJECT10                                                                    
0.000000000000E+00  0.000000000000E+00  0.000000000000E+00                      
1.0000000000000E+00 1.0000000000000E+06 1.0000000000000E+06 1.0000000000000E+06 
0.000000000000E+00  0.000000000000E+00  0.000000000000E+00                      
0.000000000000E+00  0.000000000000E+00  0.000000000000E+00  FALSE               
0.000000000000E+00  0.000000000000E+00  0.000000000000E+00                      
REVOLUTE EREVOLUTE_JOINT1     BODY2               BODY1                         
HIEROBJECT16                                                                    
HIEROBJECT11                                                                    
0.000000000000E+00  0.000000000000E+00  1.0000000000000E+00                     
0.000000000000E+00  0.000000000000E+00  1.0000000000000E+00                     
1.0000000000000E+00 0.000000000000E+00  0.000000000000E+00                      
1.0000000000000E+00 0.000000000000E+00  0.000000000000E+00                      
REVOLUTE EREVOLUTE_JOINT2     BODY3               BODY2                         
HIEROBJECT20                                                                    
HIEROBJECT17                                                                    
0.000000000000E+00  0.000000000000E+00  1.0000000000000E+00                     
0.000000000000E+00  0.000000000000E+00  1.0000000000000E+00                     
1.0000000000000E+00 0.000000000000E+00  0.000000000000E+00                      
1.0000000000000E+00 0.000000000000E+00  0.000000000000E+00                      
REVOLUTE EREVOLUTE_JOINT3     BODY4               BODY3                         
HIEROBJECT24                                                                    
HIEROBJECT21                                                                    
0.000000000000E+00  0.000000000000E+00  1.0000000000000E+00                     
0.000000000000E+00  0.000000000000E+00  1.0000000000000E+00                     
1.0000000000000E+00 0.000000000000E+00  0.000000000000E+00                      
1.0000000000000E+00 0.000000000000E+00  0.000000000000E+00                      
REVOLUTE EREVOLUTE_JOINT4     BODY1               BODY4                         
HIEROBJECT12                                                                    
HIEROBJECT25                                                                    
0.000000000000E+00  0.000000000000E+00  1.0000000000000E+00                     
0.000000000000E+00  0.000000000000E+00  1.0000000000000E+00                     
1.0000000000000E+00 0.000000000000E+00  0.000000000000E+00                      
1.0000000000000E+00 0.000000000000E+00  0.000000000000E+00                      
BRACKET  EBRACKET_JOINT1      BODY5               BODY1                         
HIEROBJECT28                                                    0               
HIEROBJECT13                                                                    
0.000000000000E+00  0.000000000000E+00  1.0000000000000E+00                     
0.000000000000E+00  0.000000000000E+00  1.0000000000000E+00                     
1.0000000000000E+00 0.000000000000E+00  0.000000000000E+00                      
1.0000000000000E+00 0.000000000000E+00  0.000000000000E+00                      
DRIVER   GDRIVER_JOINT1       NONE                NONE                POSIT     
REL.ANGLE POLYNOMIAL          NONE                REVOLUTE_JOINT1               
0.000000000000E+00  0.000000000000E+00  0.000000000000E+00  NONE                
0.000000000000E+00  0.000000000000E+00  0.000000000000E+00  NONE                
0.000000000000E+00  0.000000000000E+00  1.0000000000000E+00                     
0.000000000000E+00  0.000000000000E+00  1.0000000000000E+00 0.000000000000E+00  
1.0000000000000E+00 0.000000000000E+00  0.000000000000E+00                      
1.0000000000000E+00 0.000000000000E+00  0.000000000000E+00                      
0.000000000000E+00  -1.000000000000E+02 0.000000000000E+00  0.000000000000E+00  
NONE                                                        ACTIV               
UNUSED                                                                          
UNUSED                                                                          
UNUSED                                                                          
UNUSED                                                                          
UNUSED                                                                          
UNUSED                                                                          
UNUSED                                                                          
NAMEMAP   SYSTEM_DATA1        11   11   UTF8 UTF8 ELEMENT                       
Mandatory:1                                                                     
Mandatory:1                                                                     
NAMEMAP   DYNAMIC_DATA1       11   11   UTF8 UTF8 ELEMENT                       
Mandatory:2                                                                     
Mandatory:2                                                                     
NAMEMAP   PRELOAD_DATA1       11   11   UTF8 UTF8 ELEMENT                       
Mandatory:5                                                                     
Mandatory:5                                                                     
NAMEMAP   BODY1               4    4    UTF8 UTF8 ELEMENT                       
L001                                                                            
L001                                                                            
NAMEMAP   BODY1_REF           8    8    UTF8 UTF8 ELEMENT                       
L001_REF                                                                        
L001_REF                                                                        
NAMEMAP   BODY2               4    4    UTF8 UTF8 ELEMENT                       
L002                                                                            
L002                                                                            
NAMEMAP   BODY2_REF           8    8    UTF8 UTF8 ELEMENT                       
L002_REF                                                                        
L002_REF                                                                        
NAMEMAP   BODY3               4    4    UTF8 UTF8 ELEMENT                       
L003                                                                            
L003                                                                            
NAMEMAP   BODY3_REF           8    8    UTF8 UTF8 ELEMENT                       
L003_REF                                                                        
L003_REF                                                                        
NAMEMAP   BODY4               4    4    UTF8 UTF8 ELEMENT                       
L004                                                                            
L004                                                                            
NAMEMAP   BODY4_REF           8    8    UTF8 UTF8 ELEMENT                       
L004_REF                                                                        
L004_REF                                                                        
NAMEMAP   BODY5               10   10   UTF8 UTF8 ELEMENT                       
the_ground                                                                      
the_ground                                                                      
NAMEMAP   BODY5_REF           14   14   UTF8 UTF8 ELEMENT                       
the_ground_REF                                                                  
the_ground_REF                                                                  
NAMEMAP   REVOLUTE_JOINT1     4    4    UTF8 UTF8 ELEMENT                       
J001                                                                            
J001                                                                            
NAMEMAP   REVOLUTE_JOINT2     4    4    UTF8 UTF8 ELEMENT                       
J002                                                                            
J002                                                                            
NAMEMAP   REVOLUTE_JOINT3     4    4    UTF8 UTF8 ELEMENT                       
J003                                                                            
J003                                                                            
NAMEMAP   REVOLUTE_JOINT4     4    4    UTF8 UTF8 ELEMENT                       
J004                                                                            
J004                                                                            
NAMEMAP   BRACKET_JOINT1      4    4    UTF8 UTF8 ELEMENT                       
J005                                                                            
J005                                                                            
NAMEMAP   DRIVER_JOINT1       14   14   UTF8 UTF8 ELEMENT                       
MOTION_J001_RZ                                                                  
MOTION_J001_RZ                                                                  
